132 97 232 97
246 97 309 97
325 97 389 97
119 119 202 119
227 119 307 119
324 119 402 119
62 156 639 156
79 187 117 187
560 193 575 193
589 193 633 193
67 209 216 209
227 209 244 209
584 229 614 229
78 245 107 245
231 254 244 254
61 268 213 268
556 268 574 268
77 301 111 301
145 301 194 301
60 323 240 323
77 343 121 343
138 343 210 343
308 343 334 343
369 343 389 343
441 343 460 343
563 343 578 343
59 380 639 380
267 283 284 283
12 4 12 22
12 54 12 274
12 297 12 347
12 451 12 639
64 2 64 379
90 176 90 189
90 228 90 241
131 151 131 375
144 276 144 319
155 175 155 190
155 241 155 259
175 177 175 193
175 244 175 267
218 86 218 101
218 112 218 143
218 154 218 380
255 154 255 378
284 61 284 75
284 169 284 184
284 205 284 222
284 241 284 259
284 277 284 296
284 354 284 368
305 156 305 380
378 156 378 377
451 2 451 379
182 175 182 190
182 282 182 304
1220 2 1278 2
1154 26 1192 26
1205 26 1219 26
1204 56 1217 56
957 139 1021 139
1066 139 1085 139
1105 139 1168 139
1184 139 1201 139
640 159 1279 159
667 196 704 196
722 196 897 196
642 232 741 232
756 232 820 232
840 232 876 232
900 232 915 232
741 271 821 271
691 307 815 307
845 307 860 307
641 345 950 345
969 345 1076 345
1151 345 1166 345
640 385 1279 385
899 457 920 457
955 457 971 457
991 457 1015 457
1036 457 1057 457
1081 457 1162 457
1176 457 1196 457
1208 457 1229 457
886 507 918 507
932 507 1136 507
1149 507 1241 507
972 65 972 80
1031 2 1031 161
1070 26 1070 58
1070 117 1070 148
1079 117 1079 148
1122 30 1122 49
1122 83 1122 104
1144 85 1144 105
1153 26 1153 42
1153 72 1153 104
1153 129 1153 151
1164 44 1164 57
1164 72 1164 103
1176 28 1176 59
1176 129 1176 146
1189 27 1189 56
1189 71 1189 103
1189 135 1189 149
1189 450 1189 463
1201 28 1201 56
1201 82 1201 100
1387 75 1414 75
1285 2 1285 391
1365 7 1365 98
1365 110 1365 267
1365 284 1365 320
1365 335 1365 356
1365 386 1365 433
1365 491 1365 546
1365 587 1365 603
1928 362 1941 362
2053 396 2072 396
1920 0 1921 0
2560 0 2560 1
2560 0 2561 0
3800 362 3813 362
3417 394 3437 394
3686 468 3839 468
3254 58 3254 76
3686 465 3686 639
4363 395 4376 395
3840 472 4479 472
4139 108 4139 165
4139 181 4139 216
4139 324 4139 447
4139 508 4139 522
4139 600 4139 636
4535 73 4570 73
4855 395 4873 395
4798 420 4962 420
4480 475 4815 475
4839 475 4871 475
4893 475 4922 475
4944 475 5016 475
4797 537 4961 537
4799 421 4799 540
4959 417 4959 535
5013 476 5013 639
5538 2 5538 20
5538 142 5538 155
6232 487 6300 487
5760 0 5761 0
6834 3 7039 3
6928 4 6928 95
6928 113 6928 335
6928 348 6928 639
7040 10 7679 10
7568 360 7597 360
7040 0 7041 0
7680 16 8319 16
7694 71 7724 71
7680 0 7681 0
8321 24 8959 24
8323 2 8323 135
8960 29 9599 29
9494 360 9521 360
9170 395 9192 395
9440 458 9599 458
9332 510 9452 510
9476 510 9505 510
9535 510 9557 510
9579 510 9599 510
9440 563 9599 563
9332 509 9332 639
9427 94 9427 109
9441 457 9441 563
9598 457 9598 565
9600 34 10239 34
9620 396 9638 396
9683 396 9714 396
9770 396 9836 396
9897 396 9917 396
9600 511 10011 511
9724 2 9724 66
9724 81 9724 330
9724 344 9724 408
9724 427 9724 485
9724 498 9724 546
9724 576 9724 637
10009 513 10009 639
10240 37 10879 37
10863 69 10877 69
10240 0 10241 0
10880 42 11519 42
11052 212 11078 212
11217 361 11233 361
11426 361 11453 361
11089 396 11118 396
11156 396 11256 396
11190 438 11213 438
11232 438 11247 438
11284 438 11307 438
11156 489 11170 489
11112 125 11112 153
11112 258 11112 286
11112 313 11112 330
11120 44 11120 71
11520 47 12159 47
11520 395 11543 395
11563 395 11576 395
11632 395 11646 395
11722 395 11736 395
11755 395 11775 395
11520 0 11521 0
12160 54 12799 54
12734 396 12750 396
12513 4 12513 258
12513 289 12513 432
12513 443 12513 493
12513 511 12513 632
12525 55 12525 85
12800 60 13439 60
13141 395 13157 395
12800 0 12801 0
13440 67 14079 67
13854 442 13920 442
13944 442 14017 442
13719 464 14079 464
13547 493 13561 493
13806 521 13841 521
13867 521 13922 521
13948 521 14005 521
14027 521 14079 521
13718 574 14079 574
13854 628 13920 628
13942 628 14015 628
13720 467 13720 573
13855 442 13855 483
13902 407 13902 432
13902 470 13902 507
13923 71 13923 100
14015 445 14015 484
14078 493 14078 518
14000 511 14000 534
14000 592 14000 618
14080 72 14719 72
14080 466 14284 466
14421 512 14446 512
14109 523 14166 523
14186 523 14242 523
14266 523 14392 523
14416 523 14719 523
14080 577 14283 577
14080 489 14080 513
14279 471 14279 578
14720 79 15359 79
14720 527 15359 527
15293 405 15293 460
15293 486 15293 638
15302 84 15302 129
15302 144 15302 205
15302 354 15302 377
15323 82 15323 116
15785 8 15959 8
15971 8 15999 8
15360 87 15999 87
15360 533 15999 533
15939 579 15999 579
15378 588 15704 588
15539 627 15664 627
15692 627 15842 627
15870 627 15927 627
15945 627 15999 627
15380 584 15380 639
15702 591 15702 639
16000 3 16238 3
16259 3 16547 3
16561 3 16639 3
16000 95 16639 95
16304 487 16628 487
16000 537 16321 537
16347 537 16381 537
16399 537 16450 537
16484 537 16537 537
16555 537 16587 537
16613 537 16639 537
16000 580 16044 580
16403 615 16422 615
16000 630 16062 630
16082 630 16135 630
16167 630 16317 630
16341 630 16381 630
16399 630 16466 630
16303 485 16303 639
16464 551 16464 633
16627 490 16627 639
16640 7 16722 7
16747 7 17279 7
16640 100 17279 100
16728 305 17050 305
16980 342 17004 342
16886 355 16954 355
16978 355 17010 355
17034 355 17279 355
17153 488 17279 488
16640 543 16744 543
16764 543 16802 543
16816 543 16873 543
16899 543 16955 543
16973 543 17009 543
17031 543 17172 543
17196 543 17227 543
17243 543 17279 543
16725 593 17048 593
16717 97 16717 137
16727 300 16727 596
16886 353 16886 531
17048 303 17048 598
17153 484 17153 639
17280 8 17919 8
17280 107 17919 107
17722 323 17770 323
17280 361 17621 361
17645 361 17711 361
17725 361 17839 361
17859 361 17919 361
17633 426 17837 426
17855 426 17919 426
17280 487 17485 487
17280 546 17303 546
17333 546 17387 546
17403 546 17439 546
17465 546 17919 546
17725 609 17809 609
17314 637 17693 637
17315 560 17315 634
17482 487 17482 638
17634 374 17634 426
17844 618 17844 636
17920 10 18559 10
17920 113 18559 113
17942 368 18559 368
17920 553 18559 553
18075 604 18397 604
18167 636 18201 636
17927 381 17927 428
18076 604 18076 639
18092 62 18092 92
18092 115 18092 136
18092 196 18092 343
18092 359 18092 381
18092 462 18092 503
18092 554 18092 580
18115 113 18115 145
18152 610 18152 639
18395 606 18395 639
18564 17 18609 17
18623 17 19199 17
18560 120 19199 120
18560 372 19199 372
18560 559 19199 559
18560 0 18561 0
19200 23 19648 23
19659 23 19839 23
19200 128 19839 128
19436 142 19756 142
19596 192 19664 192
19690 192 19713 192
19739 192 19839 192
19689 366 19709 366
19200 378 19447 378
19473 378 19510 378
19524 378 19582 378
19606 378 19664 378
19686 378 19711 378
19733 378 19839 378
19434 433 19752 433
19200 565 19839 565
19437 136 19437 431
19485 104 19485 125
19485 141 19485 178
19485 190 19485 203
19485 215 19485 274
19485 287 19485 336
19485 359 19485 373
19485 426 19485 639
19595 191 19595 367
19752 141 19752 435
19837 34 19837 63
19840 27 20203 27
20220 27 20479 27
19855 43 19876 43
20332 43 20350 43
19840 134 20479 134
19840 194 19870 194
19886 194 20013 194
19840 385 19870 385
19884 385 19996 385
20252 515 20411 515
19840 570 19868 570
19882 570 19994 570
20022 570 20262 570
20286 570 20322 570
20342 570 20369 570
20393 570 20451 570
20252 623 20410 623
19841 56 19841 77
20009 194 20009 368
20009 400 20009 552
20253 512 20253 623
20409 516 20409 625
20449 573 20449 639
20480 27 20518 27
20546 27 20630 27
20644 27 21119 27
20480 140 21119 140
20884 73 20884 88
20884 120 20884 165
20884 194 20884 247
20884 282 20884 303
20884 348 20884 639
20914 145 20914 173
21120 32 21759 32
21120 148 21759 148
21699 416 21759 416
21701 523 21759 523
21699 603 21759 603
21700 415 21700 524
21700 601 21700 639
21754 450 21754 511
21761 35 21807 35
21824 35 22032 35
22075 35 22397 35
21760 68 21996 68
21760 151 22399 151
21919 371 21951 371
21833 391 21897 391
21923 391 21994 391
21760 417 22257 417
21760 451 21781 451
21779 469 21820 469
21848 469 21901 469
21925 469 21980 469
22004 469 22066 469
22086 469 22147 469
22161 469 22218 469
22244 469 22367 469
21760 522 22257 522
21920 562 21953 562
21833 577 21902 577
21920 577 21994 577
21760 601 22257 601
21760 638 21782 638
21833 389 21833 430
21833 576 21833 617
21896 620 21896 639
21993 390 21993 432
21993 576 21993 613
22256 415 22256 525
22256 605 22256 639
22271 142 22271 181
22271 219 22271 244
22271 302 22271 629
22399 436 22399 471
22399 619 22399 639
22400 41 23039 41
22400 153 23039 153
22761 230 23039 230
22510 284 22629 284
22643 284 22780 284
22804 284 22831 284
22853 284 22924 284
22853 454 22869 454
22400 464 22422 464
22400 470 22495 470
22525 470 22626 470
22646 470 22781 470
22805 470 22830 470
22852 470 22909 470
22935 470 22996 470
23012 470 23039 470
22439 521 22472 521
22761 521 23039 521
22420 451 22420 466
22506 282 22506 457
22762 232 22762 521
22922 286 22922 458
23040 44 23679 44
23040 152 23679 152
23040 229 23081 229
23614 415 23679 415
23071 471 23628 471
23654 471 23679 471
23040 520 23081 520
23188 602 23515 602
23082 229 23082 522
23189 605 23189 639
23513 606 23513 639
23613 413 23613 639
23672 41 23672 83
23672 131 23672 160
23672 174 23672 214
23672 234 23672 268
23672 494 23672 532
23672 578 23672 639
23686 53 24319 53
23680 151 24319 151
23790 174 24319 174
24285 203 24311 203
23680 414 23930 414
23706 471 23773 471
24035 604 24319 604
23682 151 23682 183
23772 470 23772 639
23927 413 23927 639
24035 605 24035 639
24320 70 24959 70
24320 152 24959 152
24338 182 24353 182
24320 193 24410 193
24446 193 24478 193
24589 206 24614 206
24666 206 24688 206
24863 217 24911 217
24320 604 24356 604
24356 602 24356 639
24960 67 25591 67
24960 94 24975 94
24960 152 25599 152
25067 2 25067 24
25067 196 25067 233
25067 469 25067 500
25067 553 25067 574
25089 155 25089 187
25603 57 25669 57
25774 57 26239 57
25601 98 25628 98
25670 98 26066 98
26078 98 26160 98
26194 98 26230 98
25600 152 26239 152
25600 0 25601 0
26240 50 26879 50
26266 129 26296 129
26323 129 26356 129
26396 129 26762 129
26773 129 26879 129
26240 152 26879 152
26690 174 26708 174
26446 45 26446 115
26446 175 26446 206
26446 249 26446 286
26446 300 26446 323
26446 353 26446 389
26446 562 26446 578
26458 6 26458 24
26458 36 26458 225
26458 237 26458 266
26458 285 26458 344
26458 355 26458 378
26458 606 26458 624
26487 156 26487 187
26567 78 26567 122
26494 457 26494 471
26880 52 27519 52
26880 165 27519 165
26935 203 27177 203
27211 203 27310 203
27377 203 27517 203
26936 330 27051 330
27082 330 27226 330
27241 330 27322 330
27343 330 27519 330
27403 71 27418 71
27226 377 27226 454
27520 66 27943 66
27520 163 28159 163
27520 217 27535 217
27546 217 27572 217
27751 229 27812 229
27857 229 27886 229
27822 292 27840 292
27976 292 27991 292
27824 330 27839 330
27657 346 27689 346
27817 346 27844 346
27974 346 28004 346
27621 553 27662 553
27782 553 27820 553
27659 612 27686 612
27818 612 27835 612
27971 612 27994 612
27620 552 27620 633
27634 568 27634 593
27644 306 27644 337
27644 561 27644 599
27674 308 27674 332
27674 440 27674 486
27674 518 27674 543
27674 567 27674 639
27781 553 27781 599
27793 570 27793 592
27804 308 27804 334
27804 569 27804 596
27834 310 27834 331
27834 439 27834 489
27834 515 27834 541
27834 565 27834 639
27863 76 27863 89
27863 107 27863 130
27863 158 27863 175
27863 191 27863 207
27863 299 27863 338
27863 391 27863 408
27888 175 27888 188
27985 309 27985 329
27985 437 27985 639
27994 309 27994 332
28016 312 28016 329
28091 547 28091 639
27836 578 27836 592
28575 106 28590 106
28620 106 28651 106
28160 165 28799 165
28160 217 28347 217
28366 217 28480 217
28522 217 28597 217
28650 217 28691 217
28160 0 28161 0
28853 113 28926 113
29008 113 29082 113
29096 113 29165 113
29177 113 29439 113
29339 143 29360 143
28800 154 29439 154
28811 194 29439 194
28821 245 28898 245
28917 245 28948 245
28962 245 29093 245
29409 263 29428 263
28824 423 28841 423
28885 423 28902 423
28915 423 28930 423
28943 423 29023 423
29072 423 29259 423
29298 423 29399 423
28818 471 28849 471
28887 471 28933 471
28966 471 28999 471
29029 471 29066 471
29084 471 29102 471
29136 471 29158 471
29173 471 29211 471
29257 121 29257 170
29257 348 29257 373
29257 402 29257 416
29257 444 29257 518
29257 537 29257 631
29470 109 29488 109
29440 152 29488 152
29440 228 30079 228
29464 280 29482 280
29540 280 29578 280
29650 280 29679 280
29692 280 29793 280
29821 280 29890 280
29919 280 29939 280
29963 280 30079 280
29440 0 29441 0
30080 293 30719 293
30247 483 30462 483
30480 483 30691 483
30319 585 30361 585
30477 585 30517 585
30358 639 30388 639
30516 639 30541 639
30320 584 30320 639
30378 444 30378 526
30378 544 30378 576
30378 596 30378 639
30477 584 30477 634
30528 443 30528 520
30528 550 30528 575
30528 597 30528 639
30617 574 30617 639
30651 220 30651 262
30651 280 30651 296
30651 330 30651 385
30651 410 30651 435
30651 449 30651 481
30720 328 31359 328
30817 382 31039 382
31081 382 31103 382
31116 382 31153 382
31168 382 31198 382
31221 382 31256 382
30724 511 30780 511
30871 511 31037 511
31088 511 31125 511
31146 511 31286 511
31305 511 31323 511
30720 0 30721 0
31360 303 31998 303
31360 378 31998 378
31687 545 31708 545
31889 288 31889 322
31889 340 31889 399
31889 426 31889 447
204 760 362 760
420 760 574 760
623 760 639 760
208 817 276 817
319 817 490 817
526 817 570 817
615 817 638 817
204 838 218 838
239 838 257 838
410 838 427 838
487 838 503 838
568 838 581 838
336 859 354 859
464 859 532 859
203 904 334 904
202 945 217 945
236 945 295 945
323 945 378 945
424 945 537 945
575 945 629 945
12 973 32 973
203 973 219 973
246 973 370 973
419 973 480 973
538 973 619 973
202 1021 333 1021
203 1060 243 1060
279 1060 293 1060
305 1060 330 1060
392 1060 407 1060
428 1060 461 1060
521 1060 535 1060
585 1060 599 1060
202 1088 261 1088
318 1088 399 1088
419 1088 455 1088
505 1088 609 1088
201 1140 289 1140
300 1140 316 1140
341 1140 360 1140
371 1140 446 1140
480 1140 494 1140
544 1140 560 1140
612 1140 637 1140
196 1180 329 1180
274 1199 288 1199
376 1199 394 1199
428 1199 455 1199
270 1213 285 1213
427 1213 445 1213
376 1221 395 1221
429 1221 446 1221
19 640 19 727
19 742 19 958
19 974 19 1279
207 759 207 774
207 804 207 861
207 915 207 937
207 1036 207 1061
207 1081 207 1107
207 1122 207 1141
207 1196 207 1222
238 758 238 784
238 800 238 824
238 835 238 862
238 924 238 940
238 1046 238 1060
238 1084 238 1098
238 1124 238 1140
238 1203 238 1221
257 759 257 785
257 800 257 855
257 923 257 941
257 967 257 981
257 1036 257 1062
257 1083 257 1101
257 1125 257 1147
257 1197 257 1224
276 800 276 813
276 1128 276 1141
288 969 288 983
288 1125 288 1141
329 803 329 824
329 1047 329 1064
329 1115 329 1143
345 970 345 984
345 1045 345 1063
345 1077 345 1100
355 759 355 785
355 803 355 823
355 970 355 984
355 1124 355 1141
373 760 373 786
373 801 373 827
373 961 373 984
373 1084 373 1101
373 1128 373 1142
409 838 409 864
409 1084 409 1101
438 760 438 783
438 802 438 828
438 841 438 863
438 916 438 944
438 967 438 985
438 1047 438 1063
438 1084 438 1102
438 1125 438 1143
438 1199 438 1225
463 810 463 823
463 838 463 864
463 1040 463 1064
463 1076 463 1103
463 1120 463 1139
463 1200 463 1226
482 1127 482 1143
488 764 488 787
488 1046 488 1065
498 761 498 787
546 1040 546 1054
610 927 610 940
610 1040 610 1066
635 805 635 823
509 805 509 829
509 845 509 865
509 1039 509 1066
509 1118 509 1142
665 765 743 765
761 765 775 765
647 789 682 789
763 789 776 789
675 809 714 809
751 809 766 809
675 816 717 816
676 828 692 828
660 929 685 929
696 929 726 929
750 929 784 929
695 943 711 943
648 1050 679 1050
701 1050 716 1050
759 1050 774 1050
800 1050 815 1050
649 1066 663 1066
759 1066 773 1066
754 1130 769 1130
648 1144 664 1144
695 1144 708 1144
753 1144 771 1144
649 764 649 786
649 806 649 830
649 930 649 946
649 1050 649 1075
649 1128 649 1144
672 763 672 790
672 806 672 831
672 929 672 946
672 1049 672 1067
672 1126 672 1147
686 929 686 946
686 1053 686 1067
686 1130 686 1147
707 763 707 791
707 807 707 833
707 923 707 947
707 1051 707 1068
707 1128 707 1148
739 765 739 790
739 806 739 827
739 930 739 947
739 1129 739 1147
751 764 751 791
751 806 751 833
751 931 751 947
751 1042 751 1068
769 766 769 790
769 806 769 833
769 930 769 945
769 1043 769 1076
769 1129 769 1147
1821 877 1919 877
1820 1055 1919 1055
1818 1109 1919 1109
1365 718 1365 784
1365 900 1365 956
1365 988 1365 1014
1365 1034 1365 1059
1365 1076 1365 1111
1660 905 1660 929
1660 1150 1660 1176
1678 911 1678 933
1678 1147 1678 1172
1688 911 1688 933
1711 914 1711 943
1711 1148 1711 1174
1821 873 1821 1056
1821 1106 1821 1279
1920 877 1983 877
2382 877 2559 877
2336 934 2393 934
2417 934 2462 934
2500 934 2559 934
1920 982 1939 982
1965 982 2394 982
2422 982 2488 982
1981 1031 2383 1031
1920 1062 2559 1062
1920 1111 1982 1111
2380 1111 2559 1111
2242 1169 2397 1169
2419 1169 2459 1169
2499 1169 2559 1169
1920 1244 1940 1244
1964 1244 2394 1244
2420 1244 2485 1244
1977 1270 2380 1270
2309 864 2323 864
2360 864 2386 864
1981 875 1981 1030
1981 1108 1981 1268
2380 878 2380 1035
2380 1112 2380 1272
2484 965 2484 983
2484 1200 2484 1245
2862 660 2875 660
2560 882 2669 882
2573 939 2630 939
2660 939 3199 939
2560 1062 2669 1062
2560 1121 2671 1121
2776 1121 3154 1121
2560 1170 2628 1170
2652 1170 2791 1170
2823 1170 2960 1170
2976 1170 3004 1170
3038 1170 3064 1170
3082 1170 3112 1170
3144 1170 3199 1170
2566 1278 2634 1278
2562 1144 2562 1165
2667 881 2667 1065
2667 1115 2667 1279
2742 643 2742 660
2742 718 2742 743
2742 983 2742 1017
2742 1034 2742 1069
2742 1177 2742 1213
2742 1224 2742 1239
2742 1261 2742 1279
2774 1122 2774 1279
3019 1187 3019 1279
3151 1123 3151 1279
2945 1261 2945 1278
3739 655 3839 655
3259 891 3630 891
3200 943 3276 943
3304 943 3434 943
3448 943 3482 943
3514 943 3540 943
3556 943 3593 943
3617 943 3663 943
3701 943 3755 943
3779 943 3807 943
3823 943 3839 943
3735 995 3839 995
3388 1061 3431 1061
3451 1061 3493 1061
3200 1178 3269 1178
3299 1178 3327 1178
3343 1178 3377 1178
3403 1178 3428 1178
3448 1178 3587 1178
3609 1178 3839 1178
3256 1231 3628 1231
3257 887 3257 1231
3389 1062 3389 1165
3493 958 3493 1064
3627 890 3627 1232
3683 640 3683 926
3739 653 3739 997
3840 657 4001 657
4317 657 4479 657
3938 696 3956 696
3867 710 3915 710
3935 710 3966 710
3990 710 4335 710
4363 710 4389 710
4409 710 4442 710
4316 763 4479 763
4103 895 4479 895
3848 906 3861 906
3882 947 3914 947
3932 947 3960 947
3988 947 4120 947
4146 947 4170 947
4186 947 4220 947
4252 947 4278 947
4294 947 4439 947
4465 947 4478 947
3840 993 3997 993
4224 993 4250 993
4235 1067 4275 1067
4293 1067 4339 1067
3840 1183 4117 1183
4149 1183 4275 1183
4291 1183 4323 1183
4353 1183 4381 1183
4399 1183 4433 1183
4459 1183 4474 1183
4099 1234 4477 1234
3868 706 3868 930
3996 656 3996 999
4102 892 4102 1237
4128 1199 4128 1216
4140 766 4140 809
4140 830 4140 845
4140 1001 4140 1046
4140 1071 4140 1134
4140 1194 4140 1215
4140 1244 4140 1264
4234 968 4234 1067
4318 656 4318 766
4338 1069 4338 1170
4477 896 4477 1238
5067 661 5119 661
4480 716 4996 716
5028 716 5086 716
5071 847 5119 847
5066 900 5119 900
4480 953 5084 953
5069 1085 5119 1085
4586 1136 4955 1136
5062 1136 5119 1136
4480 1187 4605 1187
4627 1187 4655 1187
4673 1187 4704 1187
4730 1187 4762 1187
4778 1187 4912 1187
4944 1187 5080 1187
4784 1278 4802 1278
4483 656 4483 767
4483 894 4483 1099
4587 1134 4587 1279
4717 1199 4717 1279
4953 1138 4953 1279
5013 640 5013 702
5067 659 5067 849
5067 898 5067 1085
5067 1134 5067 1279
5120 663 5364 663
5120 722 5242 722
5274 722 5321 722
5347 722 5757 722
5252 797 5323 797
5349 797 5759 797
5361 826 5759 826
5120 850 5759 850
5120 901 5362 901
5120 960 5240 960
5270 960 5319 960
5347 960 5759 960
5250 1033 5322 1033
5346 1033 5756 1033
5357 1061 5758 1061
5120 1088 5759 1088
5120 1139 5359 1139
5120 1195 5237 1195
5271 1195 5318 1195
5346 1195 5759 1195
5247 1270 5317 1270
5343 1270 5759 1270
5252 748 5252 796
5252 985 5252 1032
5252 1219 5252 1270
5358 663 5358 822
5358 902 5358 1059
5358 1138 5358 1279
5537 1096 5537 1132
5537 1262 5537 1279
5757 668 5757 826
5757 905 5757 1065
5757 1140 5757 1279
5760 670 5917 670
6229 680 6392 680
5800 727 5824 727
5850 727 5879 727
5907 727 6241 727
6269 727 6303 727
6327 727 6352 727
6378 727 6399 727
6229 784 6390 784
5799 800 5831 800
5760 853 5918 853
5760 911 5914 911
5992 911 6152 911
6229 911 6394 911
5798 968 5824 968
5848 968 5878 968
5902 968 6005 968
6027 968 6063 968
6085 968 6115 968
6139 968 6242 968
6268 968 6303 968
6321 968 6355 968
6377 968 6399 968
5991 1017 6151 1017
6228 1017 6265 1017
6287 1017 6389 1017
5795 1036 5828 1036
5760 1092 5914 1092
5760 1145 5913 1145
5989 1145 6149 1145
6226 1145 6392 1145
5794 1201 5821 1201
5843 1201 5874 1201
5904 1201 6006 1201
6030 1201 6063 1201
6083 1201 6112 1201
6134 1201 6187 1201
6211 1201 6239 1201
6263 1201 6303 1201
6321 1201 6358 1201
6374 1201 6399 1201
6226 1234 6390 1234
5832 1253 5862 1253
5989 1253 6149 1253
6225 1253 6393 1253
5791 1271 5833 1271
5760 667 5760 826
5760 905 5760 981
5870 1255 5870 1279
5914 669 5914 856
5914 908 5914 1094
5914 1142 5914 1279
5993 908 5993 1016
5993 1145 5993 1251
6149 910 6149 1020
6149 1146 6149 1253
6200 1217 6200 1279
6230 680 6230 786
6230 910 6230 1020
6230 1148 6230 1235
6230 1247 6230 1279
6360 692 6360 706
6370 1161 6370 1175
6388 679 6388 787
6388 911 6388 1021
6388 1145 6388 1237
6388 1248 6388 1279
5870 1255 5870 1279
6473 684 6633 684
6711 684 6873 684
6400 734 6484 734
6508 734 6545 734
6567 734 6583 734
6613 734 6725 734
6751 734 6783 734
6807 734 6834 734
6860 734 6911 734
6472 789 6631 789
6710 789 6871 789
6946 923 7039 923
6400 976 6899 976
6923 976 6959 976
6983 976 7022 976
6946 1029 7039 1029
6469 1152 6629 1152
6433 1208 6482 1208
6506 1208 6542 1208
6558 1208 6590 1208
6618 1208 7039 1208
6468 1257 6627 1257
6414 1222 6414 1279
6472 678 6472 788
6472 1149 6472 1257
6629 680 6629 791
6629 1150 6629 1257
6711 685 6711 792
6870 684 6870 790
6910 737 6910 966
6928 651 6928 1279
6947 922 6947 1029
7040 926 7107 926
7607 946 7622 946
7040 977 7067 977
7093 977 7210 977
7547 977 7679 977
7040 1029 7107 1029
7040 1213 7209 1213
7548 1213 7679 1213
7427 926 7440 926
7104 924 7104 1031
7955 690 8121 690
8139 690 8301 690
7929 744 7977 744
7999 744 8028 744
8048 744 8081 744
8103 744 8156 744
8182 744 8209 744
8231 744 8260 744
8284 744 8319 744
7956 794 8122 794
8139 794 8301 794
7688 928 7852 928
7957 928 8122 928
8139 928 8300 928
7680 978 7703 978
7727 978 7763 978
7781 978 7813 978
7839 978 7914 978
7946 978 7979 978
7997 978 8025 978
8055 978 8077 978
8101 978 8152 978
8174 978 8210 978
8230 978 8264 978
8286 978 8319 978
7688 1030 7854 1030
7955 1030 8121 1030
8138 1030 8300 1030
7687 1165 7851 1165
7954 1165 8118 1165
7680 1215 7702 1215
7730 1215 7762 1215
7778 1215 7811 1215
7833 1215 7880 1215
7904 1215 7973 1215
7997 1215 8029 1215
8047 1215 8080 1215
8100 1215 8119 1215
8137 1215 8319 1215
7955 1256 8118 1256
7687 1269 7852 1269
7931 1269 8090 1269
7688 930 7688 1028
7688 1163 7688 1272
7847 926 7847 1030
7847 1165 7847 1273
7892 1228 7892 1279
7920 868 7920 881
7931 741 7931 965
7931 1266 7931 1279
7955 689 7955 796
7955 926 7955 1032
7955 1165 7955 1259
8116 692 8116 798
8116 927 8116 1036
8116 1165 8116 1259
8127 1231 8127 1279
8140 686 8140 797
8140 926 8140 1034
8299 691 8299 798
8299 927 8299 1035
8377 692 8538 692
8940 692 8959 692
8320 745 8390 745
8418 745 8444 745
8468 745 8495 745
8527 745 8959 745
8464 822 8499 822
8521 822 8959 822
8533 848 8940 848
8376 877 8959 877
8379 930 8537 930
8940 930 8959 930
8320 982 8392 982
8418 982 8446 982
8466 982 8496 982
8520 982 8959 982
8464 1059 8497 1059
8523 1059 8959 1059
8532 1085 8939 1085
8375 1114 8959 1114
8320 1219 8959 1219
8378 689 8378 875
8378 927 8378 1113
8534 690 8534 845
8534 930 8534 1083
8938 692 8938 851
8938 930 8938 1088
9046 658 9069 658
8960 695 9231 695
8982 749 9022 749
9056 749 9190 749
9214 749 9317 749
9347 749 9599 749
8980 824 9045 824
8960 878 9229 878
8960 933 9230 933
9278 933 9599 933
8976 984 9015 984
9059 984 9190 984
9218 984 9294 984
9322 984 9456 984
9480 984 9502 984
9534 984 9563 984
9581 984 9599 984
8978 1061 9046 1061
9471 1097 9488 1097
8960 1115 9228 1115
9412 1115 9458 1115
9478 1115 9518 1115
9064 1169 9228 1169
8960 1220 9079 1220
9105 1220 9140 1220
9162 1220 9188 1220
9214 1220 9292 1220
9320 1220 9353 1220
9371 1220 9402 1220
9422 1220 9456 1220
9478 1220 9599 1220
9276 1249 9599 1249
9045 779 9045 826
9045 1021 9045 1061
9066 1166 9066 1279
9226 692 9226 881
9226 934 9226 1116
9226 1167 9226 1279
9279 931 9279 1250
9331 640 9331 733
9412 1117 9412 1212
9517 999 9517 1117
9811 698 9972 698
10048 698 10213 698
9600 752 9827 752
9851 752 9885 752
9905 752 9932 752
9956 752 9999 752
10021 752 10063 752
10093 752 10124 752
10144 752 10175 752
10199 752 10239 752
9810 803 9971 803
10047 803 10213 803
9600 936 9655 936
10045 936 10211 936
9600 988 9616 988
9640 988 10058 988
10084 988 10117 988
10143 988 10172 988
10194 988 10239 988
10042 1040 10224 1040
9704 1172 9969 1172
9639 1224 9719 1224
9749 1224 9784 1224
9822 1224 9927 1224
9951 1224 10239 1224
9600 1248 9650 1248
9654 933 9654 1252
9705 1170 9705 1279
9719 640 9719 662
9719 673 9719 733
9719 747 9719 781
9719 797 9719 1279
9810 699 9810 801
9810 1256 9810 1279
9968 698 9968 804
9968 1172 9968 1279
10009 640 10009 740
10048 699 10048 806
10048 932 10048 1040
10210 698 10210 808
10210 934 10210 1041
10290 702 10557 702
10376 745 10392 745
10240 755 10309 755
10331 755 10354 755
10374 755 10420 755
10663 940 10879 940
10240 992 10304 992
10332 992 10353 992
10373 992 10403 992
10433 992 10461 992
10483 992 10513 992
10539 992 10675 992
10703 992 10730 992
10750 992 10780 992
10808 992 10831 992
10857 992 10879 992
10286 1044 10555 1044
10791 1111 10833 1111
10851 1111 10879 1111
10285 1176 10447 1176
10240 1229 10300 1229
10322 1229 10353 1229
10371 1229 10403 1229
10427 1229 10679 1229
10703 1229 10830 1229
10852 1229 10879 1229
10285 1279 10445 1279
10675 1279 10716 1279
10288 698 10288 1046
10288 1172 10288 1278
10418 754 10418 977
10444 1177 10444 1278
10552 701 10552 1047
10659 937 10659 1279
10791 1009 10791 1112
10880 943 11033 943
10880 996 11008 996
11132 1179 11511 1179
10910 1232 10941 1232
10959 1232 10990 1232
11016 1232 11147 1232
11171 1232 11200 1232
11220 1232 11253 1232
11283 1232 11310 1232
11330 1232 11468 1232
11496 1232 11519 1232
10897 1111 10897 1218
11028 941 11028 1279
11113 982 11113 1005
11133 1176 11133 1279
11266 1245 11266 1279
11509 1180 11509 1279
11616 1182 11908 1182
11520 1233 11633 1233
11657 1233 11711 1233
11731 1233 11790 1233
11820 1233 11869 1233
11895 1233 12115 1233
11617 1180 11617 1279
11904 1185 11904 1279
12307 1189 12472 1189
12308 1187 12308 1279
12469 1188 12469 1279
12508 649 12508 744
12508 762 12508 886
12508 897 12508 1088
12508 1106 12508 1279
12800 640 12801 640
13718 655 14079 655
13553 695 13566 695
13811 708 13842 708
13866 708 13923 708
13945 708 14001 708
14031 708 14079 708
13718 759 14079 759
13853 812 13920 812
13942 812 14014 812
13717 839 14079 839
13808 891 13837 891
13867 891 13920 891
13944 891 14005 891
14025 891 14079 891
13715 943 14079 943
13547 861 13568 861
13531 692 13531 712
13531 881 13531 906
13555 882 13555 905
13583 880 13583 907
13717 652 13717 761
13717 836 13717 943
13854 640 13854 669
13854 812 13854 856
14014 640 14014 674
14014 812 14014 856
14077 672 14077 702
14080 656 14282 656
14417 697 14442 697
14105 710 14165 710
14185 710 14239 710
14269 710 14395 710
14413 710 14719 710
14080 764 14282 764
14525 764 14719 764
14684 808 14719 808
14080 842 14281 842
14108 896 14166 896
14182 896 14241 896
14267 896 14392 896
14416 896 14543 896
14565 896 14597 896
14617 896 14671 896
14697 896 14719 896
14080 949 14281 949
14524 949 14719 949
14281 657 14281 764
14281 840 14281 948
14420 673 14420 701
14420 856 14420 884
14441 867 14441 880
14526 764 14526 954
14549 1166 14549 1186
14684 808 14684 885
14958 663 15275 663
14720 713 14976 713
14996 713 15032 713
15052 713 15100 713
15128 713 15186 713
15204 713 15233 713
15263 713 15359 713
14720 768 14853 768
15053 791 15072 791
14720 809 14809 809
14833 809 14969 809
14999 809 15031 809
15049 809 15117 809
14958 850 15275 850
14720 900 14761 900
14781 900 14808 900
14834 900 15359 900
14720 952 14853 952
14852 768 14852 956
14960 660 14960 850
15116 730 15116 813
15272 663 15272 854
15291 643 15291 1046
15291 1075 15291 1096
15855 693 15999 693
15360 718 15395 718
15421 718 15450 718
15466 718 15528 718
15550 718 15607 718
15627 718 15666 718
15688 718 15999 718
15377 772 15703 772
15360 904 15999 904
15377 640 15377 769
15539 640 15539 709
15703 640 15703 774
15855 640 15855 691
16302 671 16627 671
16082 683 16112 683
16000 694 16063 694
16081 694 16150 694
16000 724 16639 724
16000 908 16639 908
16149 640 16149 695
16303 640 16303 668
16624 640 16624 670
17150 673 17279 673
16640 729 17279 729
16640 913 17279 913
16724 1253 17047 1253
16727 1248 16727 1279
17044 1254 17044 1271
17152 640 17152 671
17513 641 17919 641
17280 674 17483 674
17860 695 17875 695
17631 707 17833 707
17855 707 17919 707
17280 734 17919 734
17280 918 17919 918
17731 1276 17759 1276
17840 960 17856 960
17480 640 17480 672
17631 641 17631 703
17920 645 18239 645
18508 685 18559 685
17920 739 18091 739
18117 739 18159 739
18179 739 18220 739
18252 739 18309 739
18325 739 18357 739
18383 739 18522 739
18544 739 18559 739
18074 786 18397 786
18502 870 18559 870
17920 924 18559 924
17922 640 17922 709
17922 1248 17922 1262
18076 640 18076 783
18090 658 18090 725
18090 761 18090 925
18090 936 18090 1279
18238 647 18238 726
18395 640 18395 792
18504 685 18504 872
18560 686 18827 686
18560 745 18576 745
18592 745 18625 745
18657 745 18711 745
18729 745 18785 745
18813 745 19199 745
19069 805 19174 805
18637 833 18786 833
18814 833 18967 833
19009 833 19059 833
19077 833 19199 833
18560 871 18826 871
18985 900 19199 900
18560 929 19199 929
18637 759 18637 831
18823 689 18823 871
18985 847 18985 898
19200 750 19839 750
19429 804 19747 804
19220 838 19258 838
19290 838 19444 838
19472 838 19504 838
19522 838 19588 838
19205 887 19222 887
19224 903 19274 903
19200 935 19445 935
19471 935 19500 935
19524 935 19575 935
19601 935 19659 935
19677 935 19710 935
19738 935 19839 935
19429 984 19747 984
19427 1094 19747 1094
19585 1146 19656 1146
19678 1146 19710 1146
19730 1146 19839 1146
19273 851 19273 901
19428 799 19428 985
19428 1090 19428 1279
19483 640 19483 948
19483 1012 19483 1279
19586 841 19586 921
19586 1145 19586 1279
19745 804 19745 989
19745 1093 19745 1279
20251 703 20409 703
19840 756 19866 756
19882 756 20114 756
20134 756 20259 756
20283 756 20319 756
20335 756 20371 756
20397 756 20436 756
20460 756 20479 756
20249 809 20407 809
19840 941 19864 941
19880 941 20479 941
19840 1149 19860 1149
19882 1149 20002 1149
20081 1270 20098 1270
20116 1270 20217 1270
19999 1148 19999 1279
20251 700 20251 809
20406 702 20406 811
20448 640 20448 744
20490 705 20650 705
20480 758 20501 758
20523 758 20556 758
20584 758 20602 758
20630 758 20808 758
20488 809 20647 809
20480 943 20804 943
20899 943 20913 943
20603 1245 20635 1245
20511 1258 20581 1258
20603 1258 20673 1258
20490 702 20490 809
20511 1258 20511 1279
20647 704 20647 812
20671 1257 20671 1279
20882 646 20882 742
20882 777 20882 844
20882 858 20882 878
20882 890 20882 915
20882 966 20882 1279
21699 708 21759 708
21703 789 21759 789
21703 896 21759 896
21703 975 21759 975
21705 1080 21759 1080
21701 640 21701 711
21701 789 21701 898
21701 972 21701 1082
21757 640 21757 698
21757 828 21757 861
21757 1012 21757 1046
21760 641 21782 641
21780 657 21818 657
21844 657 21901 657
21923 657 21982 657
22006 657 22066 657
22090 657 22146 657
22160 657 22217 657
22245 657 22359 657
21760 672 21775 672
21760 709 22150 709
22170 709 22257 709
21921 746 21955 746
21832 765 21900 765
21920 765 21994 765
21760 790 22259 790
21760 829 21783 829
21782 844 21820 844
21846 844 21905 844
21925 844 21981 844
22005 844 22066 844
22086 844 22141 844
22163 844 22218 844
22244 844 22370 844
21763 859 21781 859
21760 896 22260 896
21834 949 21901 949
21929 949 21995 949
21760 974 22262 974
21760 1013 21783 1013
21781 1029 21823 1029
21847 1029 21903 1029
21925 1029 21983 1029
22007 1029 22067 1029
22089 1029 22147 1029
22165 1029 22220 1029
22244 1029 22370 1029
21760 1079 22262 1079
21765 682 21765 696
21765 873 21765 889
21765 1058 21765 1073
21776 648 21776 674
21776 828 21776 862
21776 1012 21776 1046
21834 769 21834 807
21834 948 21834 991
21993 767 21993 808
21993 951 21993 990
22257 640 22257 711
22257 789 22257 896
22257 974 22257 1083
22270 660 22270 902
22270 917 22270 952
22270 972 22270 1040
22270 1054 22270 1240
22396 809 22396 838
22396 994 22396 1022
22400 647 22422 647
22400 658 23039 658
22760 710 23039 710
22924 746 23039 746
22400 836 22422 836
22400 843 22779 843
22805 843 22830 843
22850 843 22912 843
22940 843 22991 843
23011 843 23039 843
22760 894 23039 894
22760 975 22925 975
22400 1019 22422 1019
22400 1029 22775 1029
22805 1029 22838 1029
22856 1029 22883 1029
22909 1029 23039 1029
22764 1076 22926 1076
22760 1182 23039 1182
22510 1238 22630 1238
22646 1238 22779 1238
22805 1238 22832 1238
22856 1238 22925 1238
22420 825 22420 838
22511 1239 22511 1279
22762 707 22762 894
22762 972 22762 1079
22762 1182 22762 1279
22822 819 22822 834
22925 748 22925 833
22925 973 22925 1079
22925 1236 22925 1279
23040 658 23206 658
23232 658 23260 658
23282 658 23341 658
23367 658 23424 658
23440 658 23474 658
23500 658 23630 658
23656 658 23679 658
23040 708 23080 708
23614 708 23679 708
23230 749 23261 749
23285 749 23355 749
23188 788 23516 788
23040 843 23679 843
23040 894 23080 894
23040 1029 23679 1029
23040 1183 23082 1183
23063 848 23063 865
23082 708 23082 896
23082 1182 23082 1279
23188 640 23188 786
23353 673 23353 746
23513 640 23513 790
23615 640 23615 701
23672 640 23672 766
23672 779 23672 866
23672 888 23672 948
23672 960 23672 1279
23708 656 23760 656
23784 656 23842 656
23862 656 23889 656
23915 656 24051 656
24071 656 24104 656
24132 656 24183 656
24211 656 24268 656
24288 656 24319 656
23680 703 23929 703
24196 744 24319 744
23772 787 23929 787
24034 787 24319 787
23680 842 23785 842
23811 842 23844 842
23860 842 23892 842
23916 842 24319 842
23771 893 23930 893
23680 1030 24319 1030
23771 788 23771 892
23927 640 23927 707
23927 788 23927 894
24036 640 24036 788
24196 669 24196 746
24460 704 24786 704
24346 744 24474 744
24498 744 24535 744
24553 744 24625 744
24320 785 24357 785
24896 785 24959 785
24320 843 24476 843
24502 843 24536 843
24552 843 24613 843
24639 843 24694 843
24710 843 24744 843
24766 843 24906 843
24936 843 24959 843
24459 892 24786 892
24896 973 24959 973
24320 1030 24959 1030
24355 640 24355 787
24461 703 24461 893
24624 743 24624 832
24783 705 24783 894
24895 786 24895 975
24960 788 25216 788
24986 844 25043 844
25075 844 25130 844
25146 844 25175 844
25201 844 25599 844
25316 893 25599 893
25057 933 25173 933
25203 933 25331 933
25357 933 25392 933
25416 933 25480 933
24960 972 25215 972
24960 1030 25328 1030
25356 1030 25397 1030
25417 1030 25467 1030
25491 1030 25549 1030
25567 1030 25599 1030
25316 1080 25599 1080
25058 858 25058 931
25065 731 25065 749
25065 864 25065 911
25065 962 25065 997
25065 1035 25065 1075
25065 1101 25065 1148
25065 1163 25065 1201
25065 1222 25065 1245
25213 790 25213 974
25317 893 25317 1083
25480 935 25480 1019
25724 795 25891 795
25600 846 25735 846
25763 846 25799 846
25819 846 25850 846
25878 846 26145 846
26163 846 26239 846
25600 895 25643 895
25723 895 25889 895
25724 979 25889 979
25628 1032 25741 1032
25763 1032 25798 1032
25816 1032 25851 1032
25873 1032 26146 1032
26160 1032 26239 1032
25600 1082 25641 1082
25723 1082 25889 1082
25640 892 25640 1083
25726 792 25726 899
25726 978 25726 1086
25887 794 25887 901
25887 979 25887 1087
26240 822 26253 822
26240 844 26403 844
26509 844 26525 844
26592 844 26607 844
26605 1008 26618 1008
26240 1028 26410 1028
26519 1028 26537 1028
26598 1028 26611 1028
26590 1061 26619 1061
26597 1045 26612 1045
26446 725 26446 743
26446 757 26446 778
26446 794 26446 827
26446 913 26446 950
26446 997 26446 1043
26446 1055 26446 1071
26446 1089 26446 1122
26446 1140 26446 1279
26463 783 26463 803
26463 859 26463 911
26463 940 26463 1008
26463 1046 26463 1269
26576 831 26576 844
26576 1023 26576 1047
26606 837 26606 860
26606 1025 26606 1047
26627 831 26627 845
26627 1029 26627 1053
26880 640 26880 641
26880 640 26881 640
27617 663 27755 663
28113 663 28130 663
27691 723 27720 723
27778 723 27936 723
27696 794 27718 794
27862 794 27888 794
27616 977 27754 977
27776 977 27936 977
27692 1009 28125 1009
27843 1062 28159 1062
27998 1114 28159 1114
27692 1246 27817 1246
27851 1246 27982 1246
27617 658 27617 979
27672 640 27672 679
27672 707 27672 760
27672 790 27672 841
27672 865 27672 918
27672 948 27672 996
27672 1028 27672 1155
27672 1189 27672 1229
27672 1263 27672 1279
27751 659 27751 980
27778 720 27778 980
27830 640 27830 761
27830 785 27830 842
27830 864 27830 920
27830 944 27830 1049
27830 1075 27830 1160
27830 1180 27830 1234
27858 1052 27858 1098
27858 1171 27858 1226
27934 721 27934 981
27984 640 27984 1096
27984 1130 27984 1160
27984 1184 27984 1248
28092 640 28092 657
28092 669 28092 771
28142 1033 28142 1161
28142 1185 28142 1233
28142 1263 28142 1279
28160 1011 28608 1011
28632 1011 28799 1011
28160 1064 28286 1064
28318 1064 28768 1064
28160 1116 28443 1116
28477 1116 28799 1116
28160 1248 28285 1248
28319 1248 28461 1248
28638 1248 28769 1248
28300 1079 28300 1166
28300 1186 28300 1236
28459 1131 28459 1165
28459 1185 28459 1251
28622 1023 28622 1166
28622 1188 28622 1233
28622 1263 28622 1279
28781 1082 28781 1164
28781 1186 28781 1234
28800 1012 29088 1012
29118 1012 29207 1012
29219 1012 29439 1012
28800 1064 29206 1064
29270 1064 29370 1064
29381 1064 29439 1064
28800 1117 28924 1117
28952 1117 29380 1117
28800 1249 28939 1249
29167 1249 29243 1249
29293 1249 29404 1249
28937 1132 28937 1166
28937 1182 28937 1248
29100 1028 29100 1164
29100 1184 29100 1235
29100 1261 29100 1279
29239 934 29239 965
29239 1039 29239 1059
29256 660 29256 898
29256 924 29256 1054
29256 1080 29256 1166
29256 1184 29256 1239
29417 1127 29417 1162
29417 1188 29417 1238
29486 918 29511 918
29440 1012 29577 1012
29440 1064 29732 1064
29441 1117 29892 1117
29440 1248 29563 1248
29589 1248 29716 1248
29750 1248 29891 1248
29574 1012 29574 1165
29574 1183 29574 1238
29733 1064 29733 1164
29733 1190 29733 1240
29889 1118 29889 1163
29889 1191 29889 1247
30358 640 30388 640
30515 640 30542 640
30473 691 30595 691
30641 691 30658 691
30294 724 30466 724
30549 732 30571 732
30542 745 30565 745
30293 1022 30597 1022
30546 1062 30719 1062
30395 1114 30674 1114
30700 1114 30719 1114
30542 1247 30686 1247
30379 845 30406 845
30539 845 30560 845
30296 721 30296 1026
30314 663 30314 681
30373 640 30373 782
30373 810 30373 872
30373 900 30373 980
30373 1008 30373 1094
30373 1134 30373 1159
30373 1183 30373 1279
30463 658 30463 680
30463 722 30463 1027
30475 640 30475 1026
30529 640 30529 702
30529 728 30529 784
30529 810 30529 871
30529 897 30529 982
30529 1010 30529 1049
30529 1077 30529 1159
30529 1179 30529 1234
30529 1258 30529 1279
30594 686 30594 1026
30616 640 30616 677
30616 698 30616 806
30649 640 30649 678
30649 816 30649 836
30649 868 30649 885
30649 1155 30649 1210
30649 1250 30649 1279
30686 1130 30686 1156
30686 1186 30686 1248
30387 853 30387 868
30720 1061 30827 1061
30857 1061 31141 1061
31175 1061 31359 1061
30720 1116 30978 1116
31014 1116 31302 1116
31330 1116 31359 1116
30859 1244 30999 1244
31174 1244 31303 1244
31331 1244 31359 1244
31225 1156 31242 1156
30842 1074 30842 1157
30842 1179 30842 1231
30842 1257 30842 1279
30998 1130 30998 1158
30998 1186 30998 1243
31157 1076 31157 1159
31157 1181 31157 1230
31157 1258 31157 1279
31315 1130 31315 1155
31315 1181 31315 1232
31360 1062 31479 1062
31360 1117 31610 1117
31360 1244 31459 1244
31493 1244 31638 1244
31477 1062 31477 1162
31477 1180 31477 1231
31634 1132 31634 1159
31634 1181 31634 1247
49 1890 65 1890
1 1901 639 1901
430 1915 447 1915
2 1901 2 1919
14 1280 14 1415
14 1430 14 1701
14 1891 14 1911
32 1883 32 1901
710 1334 724 1334
883 1442 901 1442
640 1907 1279 1907
870 1915 883 1915
640 1280 641 1280
1815 1293 1919 1293
1815 1344 1919 1344
1812 1531 1919 1531
1280 1911 1919 1911
1343 1870 1343 1907
1364 1410 1364 1430
1364 1452 1364 1635
1364 1651 1364 1669
1364 1689 1364 1824
1364 1839 1364 1919
1651 1387 1651 1410
1677 1384 1677 1409
1707 1385 1707 1411
1817 1280 1817 1294
1817 1341 1817 1533
1920 1293 2559 1293
1920 1345 1981 1345
2376 1345 2559 1345
2291 1380 2307 1380
2232 1409 2392 1409
2416 1409 2454 1409
2494 1409 2559 1409
1920 1480 1936 1480
1962 1480 2388 1480
2420 1480 2482 1480
1974 1505 2377 1505
1920 1534 2559 1534
1920 1915 2559 1915
1976 1343 1976 1505
2376 1347 2376 1507
2481 1438 2481 1484
2557 1381 2557 1406
2557 1503 2557 1516
2596 1282 2631 1282
2981 1282 2997 1282
2560 1299 2668 1299
2911 1299 2955 1299
2981 1299 3019 1299
2560 1350 2669 1350
2560 1411 2624 1411
2648 1411 2791 1411
2815 1411 2844 1411
2866 1411 2898 1411
2926 1411 2956 1411
2976 1411 3110 1411
3134 1411 3199 1411
2773 1464 3151 1464
2560 1537 2667 1537
2560 1917 3088 1917
2560 1381 2560 1406
2667 1280 2667 1299
2667 1349 2667 1540
2733 1886 2733 1916
2743 1281 2743 1365
2743 1497 2743 1510
2743 1598 2743 1623
2743 1634 2743 1705
2743 1717 2743 1764
2743 1776 2743 1815
2743 1833 2743 1913
2774 1280 2774 1463
2912 1298 2912 1402
3017 1280 3017 1295
3148 1280 3148 1464
3200 1414 3839 1414
3681 1891 3700 1891
3200 1280 3201 1280
3840 1419 4479 1419
3842 1558 3860 1558
4130 1287 4130 1488
4130 1504 4130 1530
4130 1548 4130 1634
4130 1646 4130 1919
4781 1293 4801 1293
4716 1304 4760 1304
4778 1304 4822 1304
5061 1322 5119 1322
5063 1372 5119 1372
4480 1425 4598 1425
4622 1425 4756 1425
4778 1425 4807 1425
4837 1425 4859 1425
4885 1425 4912 1425
4942 1425 5077 1425
5099 1425 5119 1425
4582 1478 4952 1478
5063 1559 5119 1559
4779 1413 4800 1413
4585 1280 4585 1477
4716 1281 4716 1302
4820 1304 4820 1410
4951 1280 4951 1481
5060 1280 5060 1323
5060 1371 5060 1562
5354 1296 5757 1296
5120 1325 5759 1325
5120 1374 5356 1374
5120 1431 5236 1431
5264 1431 5317 1431
5345 1431 5759 1431
5245 1510 5315 1510
5341 1510 5759 1510
5120 1537 5133 1537
5351 1537 5755 1537
5120 1564 5759 1564
5246 1458 5246 1507
5353 1280 5353 1295
5353 1377 5353 1534
5537 1439 5537 1452
5754 1280 5754 1302
5754 1379 5754 1539
5833 1286 5871 1286
6317 1286 6333 1286
6200 1303 6241 1303
6263 1303 6300 1303
6318 1303 6352 1303
6376 1303 6399 1303
5760 1327 5911 1327
6301 1327 6318 1327
6225 1352 6389 1352
5760 1383 5913 1383
6225 1383 6391 1383
5790 1438 5818 1438
5840 1438 5873 1438
5899 1438 6187 1438
6209 1438 6240 1438
6262 1438 6297 1438
6319 1438 6352 1438
6372 1438 6399 1438
6223 1470 6390 1470
6224 1484 6389 1484
5794 1512 5819 1512
6197 1539 6239 1539
6261 1539 6295 1539
6315 1539 6351 1539
6371 1539 6399 1539
5760 1568 5910 1568
6222 1594 6387 1594
5908 1280 5908 1330
5908 1380 5908 1571
6198 1280 6198 1300
6198 1458 6198 1539
6226 1280 6226 1353
6226 1385 6226 1472
6226 1483 6226 1593
6386 1280 6386 1355
6386 1386 6386 1474
6386 1485 6386 1595
6465 1391 6625 1391
6431 1446 6477 1446
6505 1446 6537 1446
6555 1446 6587 1446
6617 1446 7039 1446
6465 1495 6625 1495
6980 1563 6995 1563
6412 1280 6412 1304
6412 1459 6412 1542
6467 1389 6467 1496
6623 1391 6623 1498
6927 1280 6927 1919
7598 1422 7611 1422
7040 1452 7206 1452
7546 1452 7679 1452
7040 1280 7041 1280
7891 1323 7943 1323
7973 1323 8002 1323
8028 1323 8052 1323
8076 1323 8128 1323
7929 1376 8088 1376
7686 1403 7852 1403
7953 1403 8115 1403
7680 1454 7702 1454
7730 1454 7758 1454
7782 1454 7812 1454
7836 1454 7879 1454
7909 1454 7970 1454
7996 1454 8023 1454
8045 1454 8078 1454
8098 1454 8118 1454
8140 1454 8319 1454
7978 1479 8017 1479
7968 1487 8013 1487
7953 1494 8115 1494
7684 1507 7850 1507
7929 1507 8088 1507
7888 1559 7941 1559
7967 1559 8001 1559
8027 1559 8050 1559
8074 1559 8126 1559
7928 1610 8087 1610
7688 1404 7688 1504
7848 1400 7848 1509
7890 1280 7890 1321
7890 1470 7890 1558
7930 1280 7930 1378
7930 1504 7930 1613
7954 1404 7954 1494
8085 1280 8085 1379
8085 1413 8085 1426
8085 1506 8085 1613
8112 1404 8112 1495
8126 1280 8126 1325
8126 1470 8126 1561
8759 1358 8795 1358
8320 1458 8959 1458
8322 1736 8322 1750
9151 1298 9192 1298
9216 1298 9599 1298
9223 1327 9599 1327
9063 1353 9599 1353
9067 1407 9226 1407
8960 1460 9081 1460
9103 1460 9138 1460
9158 1460 9190 1460
9214 1460 9599 1460
9156 1540 9186 1540
9212 1540 9599 1540
9222 1566 9599 1566
9062 1590 9599 1590
9120 1441 9134 1441
9065 1280 9065 1350
9065 1403 9065 1590
9226 1280 9226 1329
9226 1405 9226 1562
9600 1301 9722 1301
9746 1301 9811 1301
9600 1326 9703 1326
9600 1355 9969 1355
9703 1411 9969 1411
9600 1464 9716 1464
9748 1464 9780 1464
9822 1464 9919 1464
9951 1464 10239 1464
9600 1542 9717 1542
9743 1542 9810 1542
9600 1565 9703 1565
9600 1594 9968 1594
10124 1688 10137 1688
9703 1280 9703 1331
9703 1404 9703 1569
9719 1280 9719 1645
9719 1657 9719 1720
9719 1733 9719 1840
9719 1853 9719 1919
9812 1497 9812 1540
9965 1280 9965 1358
9965 1408 9965 1596
10286 1282 10446 1282
10657 1282 10879 1282
10285 1412 10444 1412
10240 1468 10296 1468
10324 1468 10351 1468
10373 1468 10406 1468
10434 1468 10879 1468
10284 1518 10444 1518
10288 1409 10288 1518
10443 1414 10443 1518
10880 1283 11030 1283
11263 1352 11307 1352
11325 1352 11376 1352
10880 1472 11144 1472
11172 1472 11307 1472
11327 1472 11360 1472
11388 1472 11417 1472
11439 1472 11469 1472
11495 1472 11519 1472
11129 1522 11510 1522
11111 1315 11111 1336
11130 1280 11130 1521
11265 1280 11265 1350
11374 1352 11374 1455
11508 1280 11508 1525
11800 1312 11867 1312
11891 1312 12159 1312
11902 1337 12159 1337
11613 1368 12159 1368
11613 1421 11908 1421
11520 1475 11628 1475
11660 1475 11707 1475
11733 1475 11786 1475
11818 1475 11865 1475
11891 1475 12117 1475
11795 1550 11865 1550
11889 1550 12159 1550
11901 1577 12159 1577
11611 1610 12159 1610
11613 1280 11613 1366
11613 1416 11613 1605
11799 1280 11799 1309
11799 1507 11799 1546
11905 1280 11905 1337
11905 1419 11905 1577
12160 1316 12340 1316
12364 1316 12380 1316
12585 1316 12600 1316
12160 1336 12309 1336
12574 1336 12614 1336
12160 1368 12468 1368
12306 1425 12468 1425
12582 1527 12601 1527
12160 1553 12335 1553
12586 1553 12600 1553
12587 1564 12600 1564
12160 1579 12306 1579
12576 1579 12608 1579
12160 1610 12466 1610
12585 1415 12603 1415
12304 1280 12304 1341
12304 1422 12304 1581
12465 1280 12465 1373
12465 1424 12465 1614
12502 1280 12502 1294
12502 1335 12502 1373
12502 1432 12502 1456
12566 1305 12566 1320
12566 1551 12566 1566
12588 1542 12588 1555
12597 1303 12597 1327
12620 1550 12620 1571
13264 1818 13278 1818
12800 1280 12801 1280
13533 1439 13562 1439
13545 1460 13558 1460
13544 1474 13558 1474
13719 1474 14025 1474
14045 1474 14079 1474
13546 1494 13565 1494
13543 1652 13560 1652
13729 1652 14026 1652
14042 1652 14079 1652
14064 1828 14079 1828
13723 1847 14025 1847
14043 1847 14079 1847
13529 1446 13529 1463
13529 1641 13529 1667
13529 1834 13529 1868
13549 1457 13549 1480
13549 1641 13549 1665
13549 1840 13549 1863
13576 1450 13576 1487
13576 1832 13576 1861
14080 1474 14719 1474
14275 1615 14440 1615
14080 1661 14290 1661
14318 1661 14347 1661
14369 1661 14401 1661
14427 1661 14719 1661
14273 1719 14439 1719
14518 1719 14719 1719
14680 1759 14719 1759
14273 1800 14438 1800
14080 1852 14294 1852
14316 1852 14347 1852
14367 1852 14402 1852
14428 1852 14534 1852
14560 1852 14591 1852
14611 1852 14670 1852
14694 1852 14719 1852
14272 1906 14437 1906
14516 1906 14719 1906
14275 1612 14275 1721
14275 1796 14275 1907
14437 1614 14437 1723
14437 1799 14437 1908
14519 1722 14519 1909
14682 1759 14682 1842
14720 1479 15359 1479
14951 1619 15270 1619
14720 1665 14963 1665
14987 1665 15020 1665
15042 1665 15089 1665
15127 1665 15179 1665
15197 1665 15228 1665
15250 1665 15359 1665
14720 1720 14847 1720
14720 1759 14803 1759
14827 1759 14963 1759
14993 1759 15021 1759
15043 1759 15108 1759
14949 1800 15268 1800
14720 1855 14752 1855
14776 1855 14800 1855
14828 1855 15359 1855
14720 1908 14845 1908
14845 1720 14845 1911
14951 1615 14951 1802
15106 1681 15106 1759
15265 1617 15265 1805
15291 1660 15291 1678
15360 1483 15999 1483
15372 1539 15698 1539
15532 1574 15654 1574
15686 1574 15833 1574
15863 1574 15919 1574
15945 1574 15999 1574
15945 1633 15978 1633
15849 1640 15919 1640
15941 1640 15999 1640
15360 1668 15388 1668
15414 1668 15447 1668
15465 1668 15518 1668
15548 1668 15603 1668
15625 1668 15659 1668
15685 1668 15999 1668
15370 1723 15696 1723
15360 1861 15999 1861
15376 1536 15376 1725
15533 1570 15533 1655
15693 1538 15693 1726
15850 1592 15850 1638
16302 1439 16626 1439
16000 1486 16315 1486
16345 1486 16372 1486
16392 1486 16445 1486
16471 1486 16536 1486
16556 1486 16583 1486
16609 1486 16639 1486
16059 1544 16192 1544
16000 1576 16053 1576
16071 1576 16124 1576
16160 1576 16312 1576
16342 1576 16369 1576
16389 1576 16463 1576
16300 1620 16624 1620
16000 1642 16142 1642
16000 1674 16639 1674
16000 1866 16639 1866
16139 1593 16139 1644
16302 1436 16302 1619
16461 1506 16461 1581
16621 1437 16621 1623
16987 1281 17000 1281
16983 1288 17004 1288
16885 1303 16957 1303
16975 1303 17004 1303
17032 1303 17279 1303
17153 1438 17279 1438
16640 1493 16741 1493
16765 1493 16797 1493
16813 1493 16871 1493
16897 1493 16954 1493
16980 1493 17007 1493
17031 1493 17169 1493
17195 1493 17224 1493
17244 1493 17279 1493
16721 1541 17046 1541
16845 1627 16858 1627
17150 1627 17279 1627
16640 1679 17279 1679
16640 1871 17279 1871
16723 1280 16723 1540
16885 1300 16885 1479
17042 1280 17042 1545
17151 1435 17151 1624
17722 1285 17755 1285
17863 1285 17895 1285
17280 1310 17610 1310
17647 1310 17697 1310
17721 1310 17825 1310
17849 1310 17919 1310
17727 1354 17757 1354
17623 1367 17673 1367
17716 1367 17918 1367
17280 1438 17478 1438
17280 1497 17300 1497
17330 1497 17381 1497
17403 1497 17434 1497
17462 1497 17919 1497
17842 1546 17877 1546
17897 1546 17919 1546
17310 1587 17434 1587
17466 1587 17610 1587
17634 1587 17694 1587
17722 1587 17825 1587
17845 1587 17919 1587
17280 1625 17475 1625
17718 1647 17755 1647
17619 1654 17693 1654
17713 1654 17916 1654
17280 1684 17919 1684
17280 1877 17919 1877
17312 1508 17312 1584
17476 1436 17476 1628
17623 1321 17623 1368
17623 1602 17623 1655
17686 1280 17686 1299
17916 1307 17916 1370
17916 1590 17916 1657
17920 1315 18559 1315
17920 1504 18559 1504
17920 1551 17934 1551
18069 1551 18388 1551
17920 1595 18083 1595
18113 1595 18148 1595
18168 1595 18232 1595
18500 1637 18559 1637
17920 1688 18082 1688
18112 1688 18147 1688
18169 1688 18215 1688
18245 1688 18296 1688
18318 1688 18340 1688
18376 1688 18511 1688
18541 1688 18559 1688
18067 1738 18387 1738
18498 1820 18559 1820
17920 1883 18559 1883
18070 1549 18070 1737
18087 1284 18087 1516
18087 1554 18087 1568
18087 1611 18087 1647
18087 1738 18087 1777
18087 1796 18087 1813
18087 1827 18087 1875
18229 1599 18229 1673
18387 1553 18387 1741
18498 1635 18498 1823
18556 1655 18556 1683
18560 1322 19199 1322
18560 1508 19199 1508
18560 1640 18818 1640
18589 1693 18615 1693
18643 1693 18698 1693
18720 1693 18781 1693
18803 1693 19199 1693
18626 1785 18774 1785
18802 1785 18959 1785
18995 1785 19047 1785
19069 1785 19188 1785
18560 1824 18817 1824
19079 1845 19120 1845
18973 1853 19048 1853
19068 1853 19199 1853
18560 1888 19199 1888
18626 1710 18626 1784
18815 1639 18815 1827
18974 1806 18974 1851
19200 1325 19441 1325
19471 1325 19497 1325
19513 1325 19573 1325
19597 1325 19653 1325
19675 1325 19702 1325
19728 1325 19839 1325
19424 1381 19743 1381
19200 1514 19839 1514
19200 1698 19839 1698
19224 1750 19301 1750
19420 1750 19737 1750
19200 1790 19245 1790
19279 1790 19431 1790
19465 1790 19493 1790
19513 1790 19579 1790
19200 1854 19262 1854
19200 1893 19432 1893
19460 1893 19491 1893
19515 1893 19559 1893
19593 1893 19647 1893
19665 1893 19690 1893
19718 1893 19839 1893
19556 1915 19605 1915
19262 1805 19262 1853
19423 1280 19423 1383
19423 1747 19423 1919
19482 1333 19482 1348
19482 1386 19482 1420
19482 1432 19482 1450
19482 1489 19482 1538
19482 1652 19482 1695
19482 1731 19482 1748
19482 1892 19482 1918
19580 1280 19580 1316
19580 1791 19580 1879
19740 1280 19740 1385
19740 1751 19740 1919
20125 1282 20169 1282
20180 1282 20213 1282
20245 1282 20479 1282
20136 1318 20166 1318
19840 1333 19861 1333
19881 1333 19982 1333
20018 1333 20110 1333
20130 1333 20261 1333
20285 1333 20347 1333
20363 1333 20425 1333
20447 1333 20479 1333
20243 1383 20479 1383
20243 1471 20479 1471
20134 1509 20163 1509
19840 1520 20103 1520
20129 1520 20260 1520
20284 1520 20343 1520
20363 1520 20425 1520
20445 1520 20479 1520
20242 1575 20479 1575
20241 1655 20479 1655
20132 1693 20157 1693
19840 1706 20103 1706
20129 1706 20254 1706
20282 1706 20342 1706
20362 1706 20422 1706
20442 1706 20479 1706
20241 1759 20479 1759
19986 1772 19999 1772
20240 1842 20479 1842
20130 1886 20159 1886
19840 1899 20099 1899
20129 1899 20258 1899
20284 1899 20342 1899
20358 1899 20418 1899
20440 1899 20479 1899
19999 1280 19999 1317
20136 1295 20136 1322
20136 1484 20136 1512
20136 1669 20136 1697
20136 1864 20136 1891
20153 1677 20153 1694
20242 1283 20242 1385
20242 1465 20242 1574
20242 1652 20242 1760
20242 1837 20242 1919
20090 1286 20090 1312
20480 1286 20806 1286
20480 1336 20495 1336
20525 1336 20583 1336
20601 1336 20654 1336
20690 1336 20715 1336
20480 1386 20805 1386
20601 1426 20635 1426
20509 1443 20579 1443
20599 1443 20670 1443
20480 1473 20805 1473
20480 1524 20497 1524
20523 1524 20582 1524
20600 1524 20655 1524
20681 1524 20712 1524
20480 1576 20803 1576
20601 1611 20629 1611
20507 1630 20581 1630
20599 1630 20668 1630
20480 1656 20803 1656
20480 1710 20495 1710
20521 1710 20580 1710
20596 1710 20653 1710
20679 1710 20711 1710
20480 1763 20802 1763
20506 1815 20575 1815
20597 1815 20665 1815
20480 1841 20797 1841
20480 1902 20493 1902
20519 1902 20577 1902
20593 1902 20654 1902
20674 1902 20710 1902
20600 1794 20623 1794
20509 1441 20509 1487
20509 1630 20509 1672
20509 1813 20509 1859
20668 1280 20668 1300
20668 1442 20668 1486
20668 1631 20668 1672
20668 1816 20668 1865
20800 1286 20800 1392
20800 1471 20800 1581
20800 1658 20800 1764
20800 1843 20800 1919
20880 1280 20880 1780
20880 1797 20880 1912
20585 1417 20585 1431
21659 1790 21674 1790
21710 1790 21759 1790
21120 1280 21121 1280
22098 1553 22260 1553
22057 1607 22112 1607
22136 1607 22168 1607
22188 1607 22223 1607
22245 1607 22399 1607
22098 1656 22260 1656
21861 1737 22021 1737
22098 1737 22260 1737
21760 1793 21871 1793
21901 1793 21931 1793
21953 1793 21981 1793
22005 1793 22045 1793
22073 1793 22115 1793
22141 1793 22167 1793
22191 1793 22217 1793
22247 1793 22399 1793
21860 1845 22021 1845
22097 1845 22260 1845
21862 1738 21862 1842
22019 1740 22019 1843
22058 1604 22058 1776
22099 1552 22099 1659
22099 1740 22099 1848
22257 1550 22257 1659
22257 1740 22257 1847
22269 1291 22269 1363
22269 1381 22269 1443
22269 1531 22269 1551
22269 1569 22269 1588
22269 1652 22269 1752
22269 1886 22269 1914
22857 1409 22874 1409
22528 1422 22628 1422
22656 1422 22777 1422
22805 1422 22831 1422
22853 1422 22914 1422
22938 1422 22993 1422
23017 1422 23039 1422
22760 1473 23039 1473
22400 1606 22495 1606
22541 1606 22627 1606
22649 1606 23039 1606
22761 1657 23039 1657
22923 1702 23039 1702
22400 1792 22628 1792
22654 1792 22781 1792
22807 1792 22835 1792
22861 1792 22912 1792
22940 1792 22995 1792
23017 1792 23039 1792
22760 1842 23039 1842
22511 1280 22511 1409
22511 1437 22511 1593
22761 1280 22761 1474
22761 1654 22761 1845
22923 1280 22923 1411
22923 1700 22923 1781
23618 1368 23664 1368
23072 1421 23629 1421
23659 1421 23679 1421
23040 1471 23080 1471
23190 1555 23516 1555
23040 1607 23205 1607
23235 1607 23270 1607
23290 1607 23340 1607
23370 1607 23425 1607
23451 1607 23479 1607
23501 1607 23634 1607
23656 1607 23679 1607
23040 1657 23080 1657
23616 1657 23679 1657
23292 1684 23307 1684
23237 1700 23269 1700
23287 1700 23355 1700
23189 1737 23515 1737
23069 1791 23679 1791
23040 1843 23080 1843
23083 1280 23083 1474
23083 1655 23083 1845
23191 1555 23191 1735
23354 1621 23354 1700
23515 1556 23515 1735
23618 1364 23618 1660
23666 1280 23666 1919
23680 1367 23928 1367
23716 1404 23732 1404
23712 1422 23774 1422
24035 1554 24319 1554
23711 1607 23761 1607
23791 1607 23846 1607
23864 1607 23892 1607
23920 1607 24049 1607
24083 1607 24108 1607
24128 1607 24182 1607
24212 1607 24262 1607
24288 1607 24319 1607
23680 1657 23929 1657
24196 1698 24319 1698
23773 1737 23932 1737
24036 1737 24319 1737
23680 1790 23786 1790
23810 1790 23842 1790
23860 1790 23892 1790
23916 1790 24319 1790
23772 1843 23933 1843
23681 1563 23681 1593
23775 1421 23775 1594
23775 1739 23775 1845
23928 1367 23928 1660
23928 1735 23928 1846
24037 1554 24037 1735
24197 1624 24197 1701
24320 1554 24350 1554
24459 1659 24784 1659
24344 1699 24479 1699
24503 1699 24534 1699
24558 1699 24624 1699
24320 1738 24353 1738
24893 1738 24959 1738
24320 1790 24474 1790
24508 1790 24535 1790
24557 1790 24605 1790
24639 1790 24696 1790
24714 1790 24741 1790
24773 1790 24908 1790
24932 1790 24959 1790
24459 1840 24782 1840
24559 1688 24575 1688
24352 1552 24352 1738
24462 1657 24462 1840
24623 1698 24623 1776
24782 1660 24782 1840
24889 1736 24889 1919
24960 1738 25214 1738
24987 1791 25041 1791
25067 1791 25122 1791
25148 1791 25175 1791
25199 1791 25599 1791
25316 1849 25599 1849
25053 1886 25172 1886
25200 1886 25327 1886
25359 1886 25390 1886
25414 1886 25478 1886
25053 1801 25053 1887
25063 1293 25063 1318
25063 1335 25063 1368
25063 1498 25063 1529
25063 1548 25063 1565
25063 1625 25063 1655
25063 1902 25063 1919
25211 1738 25211 1919
25318 1851 25318 1919
25477 1889 25477 1919
26122 1716 26191 1716
26209 1716 26239 1716
25880 1741 26239 1741
25773 1779 25804 1779
25600 1793 25743 1793
25771 1793 25894 1793
25922 1793 25979 1793
26003 1793 26068 1793
26086 1793 26112 1793
26136 1793 26192 1793
26210 1793 26239 1793
25600 1845 25637 1845
25878 1845 26239 1845
26215 1891 26239 1891
26120 1905 26194 1905
26212 1905 26239 1905
25635 1846 25635 1919
25777 1753 25777 1785
25881 1743 25881 1844
26123 1714 26123 1754
26123 1904 26123 1919
26240 1716 26282 1716
26240 1742 26415 1742
26240 1793 26267 1793
26297 1793 26322 1793
26240 1845 26413 1845
26240 1903 26282 1903
26534 1673 26552 1673
26245 1867 26245 1896
26281 1715 26281 1758
26281 1903 26281 1919
26411 1740 26411 1846
26451 1281 26451 1918
26880 1280 26880 1281
26880 1280 26881 1280
27613 1432 27725 1432
28084 1432 28159 1432
27612 1640 27723 1640
28083 1640 28159 1640
27613 1429 27613 1642
27676 1280 27676 1444
27676 1472 27676 1498
27722 1432 27722 1643
27856 1362 27856 1395
27856 1442 27856 1462
27856 1617 27856 1671
27856 1744 27856 1763
27856 1790 27856 1805
27856 1858 27856 1907
28082 1432 28082 1643
28141 1280 28141 1448
28141 1474 28141 1499
28160 1431 28194 1431
28565 1431 28674 1431
28160 1643 28190 1643
28565 1643 28673 1643
28190 1431 28190 1643
28567 1431 28567 1644
28621 1280 28621 1441
28621 1469 28621 1500
28670 1431 28670 1645
29045 1434 29154 1434
29042 1642 29151 1642
29043 1432 29043 1645
29098 1280 29098 1445
29098 1469 29098 1498
29150 1432 29150 1644
29251 1283 29251 1914
29440 1280 29440 1281
29440 1280 29441 1280
30317 1433 30427 1433
30473 1433 30582 1433
30321 1641 30426 1641
30474 1641 30583 1641
30320 1430 30320 1643
30372 1280 30372 1443
30372 1469 30372 1492
30426 1433 30426 1643
30475 1429 30475 1642
30529 1280 30529 1443
30529 1469 30529 1494
30582 1430 30582 1644
30648 1387 30648 1404
30648 1517 30648 1535
30787 1432 30895 1432
31102 1432 31210 1432
30787 1640 30896 1640
31101 1640 31212 1640
30787 1430 30787 1643
30840 1280 30840 1448
30840 1472 30840 1490
30894 1432 30894 1644
31103 1430 31103 1644
31156 1280 31156 1447
31156 1469 31156 1491
31209 1430 31209 1644
31360 1280 31360 1281
31360 1280 31361 1280
